# Created by Octave 4.4.1, Sat Jul 27 19:07:52 2019 CEST <mbrennwa@risotto>
# name: f
# type: matrix
# rows: 2020
# columns: 1
 277.05625099999997
 277.859689
 278.66545600000001
 279.47356000000002
 280.28400699999997
 281.09680500000002
 281.91195900000002
 282.72947699999997
 283.54936700000002
 284.37163299999997
 285.19628399999999
 286.02332699999999
 286.85276800000003
 287.68461400000001
 288.51887299999999
 289.35555099999999
 290.19465500000001
 291.03619200000003
 291.88017000000002
 292.72659499999997
 293.57547499999998
 294.42681700000003
 295.28062699999998
 296.13691299999999
 296.99568299999999
 297.856943
 298.72070000000002
 299.58696200000003
 300.455736
 301.32702999999998
 302.20085
 303.07720499999999
 303.95609999999999
 304.83754499999998
 305.72154499999999
 306.60810900000001
 307.49724400000002
 308.388957
 309.28325699999999
 310.18014899999997
 311.07964299999998
 311.98174499999999
 312.88646299999999
 313.79380400000002
 314.703777
 315.61638799999997
 316.53164700000002
 317.44955900000002
 318.37013300000001
 319.29337700000002
 320.21929799999998
 321.14790399999998
 322.07920300000001
 323.01320199999998
 323.94991099999999
 324.88933500000002
 325.83148399999999
 326.776365
 327.72398600000002
 328.67435499999999
 329.62747999999999
 330.583369
 331.54203000000001
 332.50347099999999
 333.46769999999998
 334.43472500000001
 335.40455500000002
 336.37719600000003
 337.35265900000002
 338.33094999999997
 339.31207799999999
 340.29605199999997
 341.28287899999998
 342.27256699999998
 343.26512600000001
 344.26056299999999
 345.25888600000002
 346.26010500000001
 347.26422700000001
 348.27126099999998
 349.28121499999997
 350.29409800000002
 351.30991799999998
 352.32868400000001
 353.35040400000003
 354.37508700000001
 355.40274199999999
 356.43337700000001
 357.46700099999998
 358.50362200000001
 359.543249
 360.585891
 361.63155599999999
 362.68025399999999
 363.73199299999999
 364.78678200000002
 365.844629
 366.90554500000002
 367.96953600000001
 369.03661399999999
 370.106785
 371.18006100000002
 372.25644799999998
 373.33595700000001
 374.41859699999998
 375.50437599999998
 376.59330299999999
 377.68538899999999
 378.780641
 379.87907000000001
 380.980684
 382.08549199999999
 383.19350400000002
 384.30473000000001
 385.41917799999999
 386.536857
 387.65777800000001
 388.78194999999999
 389.909381
 391.04008199999998
 392.17406199999999
 393.31133
 394.45189599999998
 395.59577000000002
 396.74296099999998
 397.89347800000002
 399.04733199999998
 400.20453199999997
 401.36508800000001
 402.52900899999997
 403.69630599999999
 404.86698799999999
 406.04106400000001
 407.21854500000001
 408.39944100000002
 409.58376199999998
 410.77151600000002
 411.962715
 413.15736900000002
 414.35548699999998
 415.55707899999999
 416.762156
 417.97072700000001
 419.18280299999998
 420.398394
 421.61750999999998
 422.84016200000002
 424.06635899999998
 425.29611199999999
 426.52943099999999
 427.76632699999999
 429.00680899999998
 430.25088899999997
 431.49857600000001
 432.74988200000001
 434.00481600000001
 435.26339000000002
 436.52561300000002
 437.791496
 439.06105100000002
 440.33428700000002
 441.61121600000001
 442.89184699999998
 444.17619200000001
 445.46426100000002
 446.75606599999998
 448.05161700000002
 449.35092500000002
 450.65400099999999
 451.96085499999998
 453.2715
 454.58594499999998
 455.904202
 457.22628099999997
 458.55219499999998
 459.88195400000001
 461.21556800000002
 462.55305099999998
 463.89441099999999
 465.23966200000001
 466.58881300000002
 467.94187799999997
 469.29886499999998
 470.65978799999999
 472.02465799999999
 473.393485
 474.76628199999999
 476.14305999999999
 477.52383099999997
 478.90860500000002
 480.29739599999999
 481.69021300000003
 483.08706999999998
 484.487977
 485.89294699999999
 487.30199199999998
 488.71512200000001
 490.13234999999997
 491.55368800000002
 492.97914800000001
 494.40874200000002
 495.84248100000002
 497.28037799999998
 498.72244499999999
 500.16869300000002
 501.61913600000003
 503.07378499999999
 504.53265199999998
 505.99574899999999
 507.46309000000002
 508.934685
 510.410549
 511.890692
 513.37512700000002
 514.86386700000003
 516.35692400000005
 517.85431100000005
 519.35604000000001
 520.86212399999999
 522.37257599999998
 523.88740800000005
 525.40663199999995
 526.93026299999997
 528.45831099999998
 529.99079099999994
 531.52771499999994
 533.06909599999994
 534.61494600000003
 536.16528000000005
 537.72010899999998
 539.279447
 540.84330699999998
 542.41170299999999
 543.984646
 545.56215099999997
 547.14422999999999
 548.73089700000003
 550.32216600000004
 551.918049
 553.51855999999998
 555.12371199999995
 556.733519
 558.34799399999997
 559.96715099999994
 561.591004
 563.21956499999999
 564.85284999999999
 566.49086999999997
 568.13364100000001
 569.78117599999996
 571.43348800000001
 573.09059200000002
 574.75250100000005
 576.41922999999997
 578.09079199999996
 579.767201
 581.44847200000004
 583.13461800000005
 584.82565399999999
 586.52159400000005
 588.22245199999998
 589.92824199999995
 591.63897899999995
 593.35467700000004
 595.07534999999996
 596.80101300000001
 598.53168100000005
 600.26736700000004
 602.00808600000005
 603.75385300000005
 605.504683
 607.26058999999998
 609.02158899999995
 610.78769499999999
 612.55892300000005
 614.335286
 616.11680100000001
 617.90348300000005
 619.69534499999997
 621.49240399999996
 623.29467399999999
 625.10217
 626.91490799999997
 628.73290299999996
 630.55616999999995
 632.38472400000001
 634.21858099999997
 636.05775600000004
 637.90226399999995
 639.75212099999999
 641.60734200000002
 643.46794399999999
 645.33394099999998
 647.20534899999996
 649.08218399999998
 650.96446200000003
 652.85219800000004
 654.745409
 656.64410899999996
 658.548316
 660.45804499999997
 662.37331200000006
 664.29413199999999
 666.22052399999995
 668.15250100000003
 670.09008100000005
 672.03327999999999
 673.98211300000003
 675.936599
 677.89675199999999
 679.86258899999996
 681.83412699999997
 683.81138299999998
 685.79437199999995
 687.78311199999996
 689.77761899999996
 691.77790900000002
 693.78400099999999
 695.79591000000005
 697.81365300000004
 699.83724800000005
 701.86671000000001
 703.90205800000001
 705.943309
 707.99047800000005
 710.04358500000001
 712.10264500000005
 714.16767600000003
 716.238696
 718.31572100000005
 720.39877000000001
 722.48785899999996
 724.58300699999995
 726.68422999999996
 728.79154600000004
 730.90497400000004
 733.02453000000003
 735.15023299999996
 737.28210000000001
 739.42014900000004
 741.56439899999998
 743.71486700000003
 745.87157000000002
 748.03452800000002
 750.20375899999999
 752.37927999999999
 754.56110899999999
 756.74926600000003
 758.94376899999997
 761.14463499999999
 763.35188300000004
 765.56553299999996
 767.78560100000004
 770.01210800000001
 772.24507100000005
 774.48451
 776.73044300000004
 778.982889
 781.24186599999996
 783.50739499999997
 785.779493
 788.05818099999999
 790.34347600000001
 792.63539800000001
 794.93396700000005
 797.23920099999998
 799.55112099999997
 801.86974399999997
 804.19509200000005
 806.52718300000004
 808.86603600000001
 811.21167200000002
 813.56411100000003
 815.92337099999997
 818.28947200000005
 820.66243499999996
 823.04228000000001
 825.42902600000002
 827.82269299999996
 830.22330199999999
 832.63087199999995
 835.04542400000003
 837.46697800000004
 839.89555399999995
 842.33117300000004
 844.77385400000003
 847.22361999999998
 849.68048899999997
 852.14448400000003
 854.61562300000003
 857.093929
 859.57942100000002
 862.07212100000004
 864.57204999999999
 867.07922900000005
 869.59367699999996
 872.11541799999998
 874.64447099999995
 877.18085900000005
 879.724602
 882.27572099999998
 884.83423800000003
 887.40017499999999
 889.97355300000004
 892.554393
 895.14271799999995
 897.73854800000004
 900.34190599999999
 902.95281399999999
 905.57129299999997
 908.19736499999999
 910.831053
 913.47237800000005
